ACC_TRDVAL,ACC_TRDVOL,CMPPREVDD_PRC,FLUC_RT,FLUC_TP_CD,LIST_SHRS,MKTCAP,TDD_CLSPRC,TDD_HGPRC,TDD_LWPRC,TDD_OPNPRC,TRD_DD
"3,018,860",261,-10,-0.08,2,"3,725,041","44,663,241,590","11,990","12,490","11,000","12,490",2024/12/30
"29,913,120","2,682",310,2.65,1,"3,725,041","44,700,492,000","12,000","12,000","10,530","11,900",2024/12/27
"6,028,740",522,-310,-2.58,2,"3,725,041","43,545,729,290","11,690","12,480","11,120","12,480",2024/12/26
"2,102,580",178,-400,-3.23,2,"3,725,041","44,700,492,000","12,000","12,480","11,500","12,480",2024/12/24
"2,996,120",250,100,0.81,1,"3,725,041","46,190,508,400","12,400","12,500","10,650","12,490",2024/12/23
"10,161,220",826,0,0.00,3,"3,725,041","45,818,004,300","12,300","12,480","11,500","12,260",2024/12/20
"18,387,000","1,602",-140,-1.13,2,"3,725,041","45,818,004,300","12,300","12,800","11,400","12,500",2024/12/19
"5,136,870",424,250,2.05,1,"3,725,041","46,339,510,040","12,440","12,630","11,500","12,190",2024/12/18
"1,342,900",112,200,1.67,1,"3,725,041","45,408,249,790","12,190","12,450","11,900","12,450",2024/12/17
"9,998,690",838,330,2.83,1,"3,725,041","44,663,241,590","11,990","12,000","11,800","11,950",2024/12/16
"10,711,780",934,770,7.07,1,"3,725,041","43,433,978,060","11,660","11,660","10,940","10,950",2024/12/13
"66,028,550","7,060",850,8.47,1,"3,725,041","40,565,696,490","10,890","10,990","9,000","10,390",2024/12/12
"9,169,270",934,-330,-3.18,2,"3,725,041","37,399,411,640","10,040","10,300","9,700","10,300",2024/12/11
"6,266,890",625,-130,-1.24,2,"3,725,041","38,628,675,170","10,370","10,990","9,700","10,000",2024/12/10
"22,919,260","2,197","-1,460",-12.21,2,"3,725,041","39,112,930,500","10,500","11,580","10,170","11,580",2024/12/09
"150,460",13,-40,-0.33,2,"3,725,041","44,551,490,360","11,960","12,000","11,500","12,000",2024/12/06
"11,322,560","1,013",0,0.00,3,"3,725,041","44,700,492,000","12,000","12,500","11,150","12,500",2024/12/05
"6,633,840",588,510,4.44,1,"3,725,041","44,700,492,000","12,000","12,000","10,510","10,510",2024/12/04
"7,666,610",670,0,0.00,3,"3,725,041","42,800,721,090","11,490","12,300","11,110","11,110",2024/12/03
"16,540,200","1,471",-280,-2.38,2,"3,725,041","42,800,721,090","11,490","12,000","11,180","11,990",2024/12/02
"50,627,730","4,360","1,300",12.42,1,"3,725,041","43,843,732,570","11,770","11,990","10,980","10,990",2024/11/29
"4,371,070",435,710,7.27,1,"3,725,041","39,001,179,270","10,470","10,490","9,600","9,780",2024/11/28
"12,707,750","1,312",590,6.43,1,"3,725,041","36,356,400,160","9,760","9,970","9,400","9,950",2024/11/27
"31,121,240","3,859","1,130",14.05,1,"3,725,041","34,158,625,970","9,170","9,240","7,620","8,000",2024/11/26
"12,181,470","1,537",40,0.50,1,"3,725,041","29,949,329,640","8,040","9,100","7,820","9,100",2024/11/25
"12,571,160","1,586",30,0.38,1,"3,725,041","29,800,328,000","8,000","8,010","7,740","7,990",2024/11/22
"6,105,950",772,30,0.38,1,"3,725,041","29,688,576,770","7,970","8,000","7,700","8,000",2024/11/21
"59,396,850","7,278",-120,-1.49,2,"3,725,041","29,576,825,540","7,940","8,240","7,800","8,160",2024/11/20
"2,691,730",335,-130,-1.59,2,"3,725,041","30,023,830,460","8,060","8,200","7,990","8,000",2024/11/19
"33,740,320","4,269",-560,-6.40,2,"3,725,041","30,508,085,790","8,190","9,000","7,650","8,400",2024/11/18
"67,435,390","8,697",450,5.42,1,"3,725,041","32,594,108,750","8,750","8,750","7,650","8,280",2024/11/15
"152,267,180","18,610",-690,-7.68,2,"3,725,041","30,917,840,300","8,300","8,980","8,000","8,980",2024/11/14
"79,398,520","9,631",0,0.00,3,"3,725,041","33,488,118,590","8,990","9,000","8,020","8,800",2024/11/13
"23,866,790","2,710",-60,-0.66,2,"3,725,041","33,488,118,590","8,990","9,180","8,510","9,180",2024/11/12
"5,056,670",562,-240,-2.58,2,"3,725,041","33,711,621,050","9,050","9,390","8,800","9,390",2024/11/11
"4,008,560",441,260,2.88,1,"3,725,041","34,605,630,890","9,290","9,750","8,800","9,400",2024/11/08
"23,293,570","2,793",-20,-0.22,2,"3,725,041","33,637,120,230","9,030","9,100","8,100","9,080",2024/11/07
"4,709,340",523,0,0.00,3,"3,725,041","33,711,621,050","9,050","9,150","9,000","9,140",2024/11/06
"6,854,300",767,-50,-0.55,2,"3,725,041","33,711,621,050","9,050","9,200","8,910","9,200",2024/11/05
"4,137,190",452,0,0.00,3,"3,725,041","33,897,873,100","9,100","9,200","9,000","9,200",2024/11/04
"6,854,910",764,20,0.22,1,"3,725,041","33,897,873,100","9,100","9,200","8,900","9,200",2024/11/01
"18,541,710","2,056",-60,-0.66,2,"3,725,041","33,823,372,280","9,080","9,400","8,920","9,190",2024/10/31
"17,082,590","1,860",100,1.11,1,"3,725,041","34,046,874,740","9,140","9,500","9,000","9,190",2024/10/30
"15,640,180","1,775",70,0.78,1,"3,725,041","33,674,370,640","9,040","9,090","8,750","9,000",2024/10/29
"12,637,750","1,433",-30,-0.33,2,"3,725,041","33,413,617,770","8,970","9,600","8,700","9,200",2024/10/28
"5,198,490",573,-390,-4.15,2,"3,725,041","33,525,369,000","9,000","9,400","8,900","9,400",2024/10/25
"1,755,260",187,40,0.43,1,"3,725,041","34,978,134,990","9,390","9,780","9,200","9,400",2024/10/24
"6,217,360",666,350,3.89,1,"3,725,041","34,829,133,350","9,350","9,800","9,200","9,200",2024/10/23
"52,176,540","5,806",0,0.00,3,"3,725,041","33,525,369,000","9,000","9,180","8,800","9,000",2024/10/22
"486,751,700","61,388",-10,-0.11,2,"3,725,041","33,525,369,000","9,000","10,000","7,660","7,660",2024/10/21
"83,414,580","9,258","-1,590",-15.00,5,"3,725,041","33,562,619,410","9,010","9,010","9,010","9,010",2024/10/18
"87,189,630","8,079","-1,860",-14.93,5,"3,725,041","39,485,434,600","10,600","12,000","10,600","12,000",2024/10/17
"9,608,790",775,-40,-0.32,2,"3,725,041","46,414,010,860","12,460","12,990","12,250","12,990",2024/10/16
"14,612,820","1,181",-250,-1.96,2,"3,725,041","46,563,012,500","12,500","12,970","12,200","12,970",2024/10/15
"71,251,950","5,866",-150,-1.16,2,"3,725,041","47,494,272,750","12,750","12,980","12,000","12,980",2024/10/14
"12,900",1,750,6.17,1,"3,725,041","48,053,028,900","12,900","12,900","12,900","12,900",2024/10/11
"22,184,980","1,837",-150,-1.22,2,"3,725,041","45,259,248,150","12,150","12,970","12,050","12,970",2024/10/10
"5,397,630",443,-40,-0.32,2,"3,725,041","45,818,004,300","12,300","13,000","12,050","12,340",2024/10/08
"12,663,420","1,043",-40,-0.32,2,"3,725,041","45,967,005,940","12,340","12,680","12,070","12,680",2024/10/07
"2,316,700",188,250,2.06,1,"3,725,041","46,116,007,580","12,380","12,960","12,100","12,960",2024/10/04
"14,592,300","1,214",-190,-1.54,2,"3,725,041","45,184,747,330","12,130","12,580","12,000","12,580",2024/10/02
"15,458,360","1,268",-440,-3.45,2,"3,725,041","45,892,505,120","12,320","13,000","12,030","12,540",2024/09/30
"5,753,760",461,360,2.90,1,"3,725,041","47,531,523,160","12,760","13,500","12,300","12,500",2024/09/27
"33,783,270","2,795",120,0.98,1,"3,725,041","46,190,508,400","12,400","12,480","12,000","12,240",2024/09/26
"7,513,000",623,130,1.07,1,"3,725,041","45,743,503,480","12,280","12,470","12,050","12,150",2024/09/25
"25,603,900","2,118",0,0.00,3,"3,708,041","45,052,698,150","12,150","12,500","12,000","12,500",2024/09/24
"22,058,300","1,820",-340,-2.72,2,"3,708,041","45,052,698,150","12,150","12,500","12,010","12,400",2024/09/23
"17,441,530","1,427",20,0.16,1,"3,708,041","46,313,432,090","12,490","12,880","12,000","12,880",2024/09/20
"2,227,310",181,-380,-2.96,2,"3,708,041","46,239,271,270","12,470","13,000","12,260","13,000",2024/09/19
"3,537,310",287,350,2.80,1,"3,708,041","47,648,326,850","12,850","13,300","12,110","12,980",2024/09/13
"25,849,560","2,076",-250,-1.96,2,"3,708,041","46,350,512,500","12,500","13,350","12,250","13,350",2024/09/12
"25,750",2,110,0.87,1,"3,708,041","47,277,522,750","12,750","13,000","12,750","13,000",2024/09/11
"2,942,540",241,140,1.12,1,"3,708,041","46,869,638,240","12,640","12,780","12,200","12,780",2024/09/10
"3,880,000",316,0,0.00,3,"3,708,041","46,350,512,500","12,500","12,500","12,150","12,490",2024/09/09
"33,323,040","2,731",-180,-1.42,2,"3,708,041","46,350,512,500","12,500","12,600","12,100","12,600",2024/09/06
"32,777,360","2,667",100,0.79,1,"3,708,041","47,017,959,880","12,680","12,870","12,180","12,510",2024/09/05
"42,288,110","3,409",-140,-1.10,2,"3,708,041","46,647,155,780","12,580","12,950","12,130","12,950",2024/09/04
"5,857,350",472,30,0.24,1,"3,708,041","47,166,281,520","12,720","12,960","12,400","12,960",2024/09/03
"12,238,130",988,-30,-0.24,2,"3,708,041","47,055,040,290","12,690","12,940","12,200","12,410",2024/09/02
"3,847,330",305,-10,-0.08,2,"3,708,041","47,166,281,520","12,720","12,720","12,480","12,720",2024/08/30
"6,439,320",515,20,0.16,1,"3,708,041","47,203,361,930","12,730","12,990","12,500","12,990",2024/08/29
"22,619,620","1,817",-380,-2.90,2,"3,708,041","47,129,201,110","12,710","13,200","12,200","12,520",2024/08/28
"1,018,360",79,180,1.39,1,"3,708,041","48,538,256,690","13,090","13,330","12,800","12,890",2024/08/27
"10,044,360",791,-70,-0.54,2,"3,708,041","47,870,809,310","12,910","13,350","12,610","13,350",2024/08/26
"13,752,070","1,073",-210,-1.59,2,"3,708,041","48,130,372,180","12,980","13,350","12,500","13,350",2024/08/23
"52,598,170","4,132",40,0.30,1,"3,708,041","48,909,060,790","13,190","13,300","12,400","13,300",2024/08/22
"12,163,190",943,0,0.00,3,"3,708,041","48,760,739,150","13,150","13,370","12,800","12,810",2024/08/21
"14,911,750","1,159",0,0.00,3,"3,708,041","48,760,739,150","13,150","13,150","12,800","12,830",2024/08/20
"24,547,600","1,865",-30,-0.23,2,"3,708,041","48,760,739,150","13,150","13,290","12,820","12,820",2024/08/19
"7,825,080",604,-10,-0.08,2,"3,708,041","48,871,980,380","13,180","13,290","12,800","13,270",2024/08/16
"18,028,160","1,387",0,0.00,3,"3,708,041","48,909,060,790","13,190","13,190","12,630","13,190",2024/08/14
"3,270,280",254,10,0.08,1,"3,708,041","48,909,060,790","13,190","13,300","12,600","13,300",2024/08/13
"1,588,290",121,-20,-0.15,2,"3,708,041","48,871,980,380","13,180","13,270","13,050","13,270",2024/08/12
"37,865,930","2,957",250,1.93,1,"3,708,041","48,946,141,200","13,200","13,290","12,610","12,610",2024/08/09
"12,687,470",990,30,0.23,1,"3,708,041","48,019,130,950","12,950","12,990","12,550","12,800",2024/08/08
"47,827,120","3,766",0,0.00,3,"3,708,041","47,907,889,720","12,920","12,980","12,570","12,830",2024/08/07
"25,905,460","2,065",-70,-0.54,2,"3,708,041","47,907,889,720","12,920","13,090","12,500","12,990",2024/08/06
"107,517,820","8,818",300,2.36,1,"3,708,041","48,167,452,590","12,990","12,990","11,910","12,450",2024/08/05
"148,496,060","11,864",0,0.00,3,"3,708,041","47,055,040,290","12,690","12,940","12,500","12,630",2024/08/02
"20,532,600","1,625",-300,-2.31,2,"3,708,041","47,055,040,290","12,690","13,200","12,480","12,980",2024/08/01
"111,536,390","8,968",220,1.72,1,"3,708,041","48,167,452,590","12,990","12,990","12,350","12,600",2024/07/31
"43,312,420","3,482",-90,-0.70,2,"3,708,041","47,351,683,570","12,770","13,000","12,400","12,980",2024/07/30
"35,918,270","2,870",-130,-1.00,2,"3,708,041","47,685,407,260","12,860","13,070","12,410","12,880",2024/07/29
"5,483,410",433,-30,-0.23,2,"3,708,041","48,167,452,590","12,990","13,090","12,410","12,950",2024/07/26
"3,948,240",313,30,0.23,1,"3,708,041","48,278,693,820","13,020","13,340","12,510","13,340",2024/07/25
"1,993,840",157,110,0.85,1,"3,708,041","48,167,452,590","12,990","13,380","12,600","12,980",2024/07/24
"23,142,830","1,844",90,0.70,1,"3,708,041","47,759,568,080","12,880","13,030","12,400","13,030",2024/07/23
"24,947,420","1,965",-450,-3.40,2,"3,708,041","47,425,844,390","12,790","13,240","12,510","13,230",2024/07/22
"38,816,790","3,033",-60,-0.45,2,"3,708,041","49,094,462,840","13,240","13,990","12,700","13,480",2024/07/19
"5,869,150",445,-50,-0.37,2,"3,708,041","49,316,945,300","13,300","13,940","12,900","13,350",2024/07/18
"29,340,140","2,259",350,2.69,1,"3,708,041","49,502,347,350","13,350","13,450","12,620","13,450",2024/07/17
"118,122,390","9,429",200,1.56,1,"3,708,041","48,204,533,000","13,000","13,400","12,150","12,650",2024/07/16
"2,724,100",220,400,3.23,1,"3,708,041","47,462,924,800","12,800","12,890","12,300","12,890",2024/07/15
"41,442,520","3,408",10,0.08,1,"3,708,041","45,979,708,400","12,400","12,980","12,030","12,980",2024/07/12
"47,913,600","3,852",0,0.00,3,"3,708,041","45,942,627,990","12,390","13,490","12,260","12,970",2024/07/11
"36,536,840","2,974",-50,-0.40,2,"3,708,041","45,942,627,990","12,390","12,960","12,230","12,960",2024/07/10
"30,567,590","2,473",-10,-0.08,2,"3,708,041","46,128,030,040","12,440","12,920","12,310","12,920",2024/07/09
"19,903,060","1,603",-100,-0.80,2,"3,708,041","46,165,110,450","12,450","12,850","12,220","12,550",2024/07/08
"29,452,400","2,369",50,0.40,1,"3,708,041","46,535,914,550","12,550","12,620","12,300","12,450",2024/07/05
"26,157,650","2,108",-120,-0.95,2,"3,708,041","46,350,512,500","12,500","12,990","12,300","12,620",2024/07/04
"112,868,170","9,224",-10,-0.08,2,"3,708,041","46,795,477,420","12,620","12,730","12,000","12,730",2024/07/03
"20,196,500","1,623",-260,-2.02,2,"3,708,041","46,832,557,830","12,630","13,000","12,130","13,000",2024/07/02
"86,410,620","7,011",-110,-0.85,2,"3,708,041","47,796,648,490","12,890","13,790","12,060","13,490",2024/07/01
"31,952,620","2,472",-690,-5.04,2,"3,708,041","48,204,533,000","13,000","13,980","12,650","13,680",2024/06/28
"1,141,880",85,300,2.24,1,"3,708,041","50,763,081,290","13,690","13,900","13,000","13,490",2024/06/27
"34,567,930","2,678",340,2.61,1,"3,708,041","49,650,668,990","13,390","13,500","12,600","13,500",2024/06/26
"56,925,330","4,504",-50,-0.38,2,"3,708,041","48,389,935,050","13,050","13,460","12,160","13,460",2024/06/25
"1,598,760",123,-90,-0.68,2,"3,708,041","48,575,337,100","13,100","13,460","12,900","13,460",2024/06/24
"54,534,610","4,139",-570,-4.14,2,"3,708,041","48,909,060,790","13,190","13,900","13,000","13,210",2024/06/21
"4,599,950",341,10,0.07,1,"3,708,041","51,022,644,160","13,760","14,450","13,350","14,000",2024/06/20
"123,296,770","9,177",-400,-2.83,2,"3,708,041","50,985,563,750","13,750","14,500","13,030","14,400",2024/06/19
"26,137,790","1,844",-880,-5.85,2,"3,708,041","52,468,780,150","14,150","15,370","13,700","15,370",2024/06/18
"9,540,640",645,30,0.20,1,"3,708,041","55,731,856,230","15,030","15,380","14,500","15,380",2024/06/17
"19,087,650","1,298",40,0.27,1,"3,708,041","55,620,615,000","15,000","15,420","14,360","14,500",2024/06/14
"2,038,250",139,-160,-1.06,2,"3,708,041","55,472,293,360","14,960","15,400","14,500","15,110",2024/06/13
"21,556,660","1,474",200,1.34,1,"3,708,041","56,065,579,920","15,120","15,450","14,230","15,450",2024/06/12
"4,239,990",289,640,4.48,1,"3,708,041","55,323,971,720","14,920","14,980","14,300","14,940",2024/06/11
"47,424,440","3,521",910,6.81,1,"3,708,041","52,950,825,480","14,280","14,900","12,600","13,170",2024/06/10
"21,256,230","1,652",70,0.53,1,"3,708,041","49,576,508,170","13,370","13,400","12,560","13,380",2024/06/07
"64,773,700","5,162",400,3.10,1,"3,708,041","49,316,945,300","13,300","13,340","12,500","13,340",2024/06/05
"23,261,600","1,802",-290,-2.20,2,"3,708,041","47,833,728,900","12,900","13,470","12,890","13,470",2024/06/04
"8,307,430",646,190,1.46,1,"3,708,041","48,909,060,790","13,190","13,470","12,650","13,470",2024/06/03
"9,715,780",768,150,1.17,1,"3,708,041","48,204,533,000","13,000","13,200","12,440","13,000",2024/05/31
"64,398,320","5,171",150,1.18,1,"3,708,041","47,648,326,850","12,850","12,890","12,250","12,700",2024/05/30
"10,778,030",852,-170,-1.32,2,"3,708,041","47,092,120,700","12,700","12,990","12,410","12,410",2024/05/29
"16,325,490","1,312",170,1.34,1,"3,708,041","47,722,487,670","12,870","13,000","12,320","13,000",2024/05/28
"29,505,400","2,355",130,1.03,1,"3,708,041","47,092,120,700","12,700","13,500","12,250","12,250",2024/05/27
"44,197,210","3,586",-30,-0.24,2,"3,708,041","46,610,075,370","12,570","13,000","12,160","12,500",2024/05/24
"58,855,120","4,780",0,0.00,3,"3,708,041","46,721,316,600","12,600","13,000","12,200","12,990",2024/05/23
"63,209,260","5,178",-140,-1.10,2,"3,708,041","46,721,316,600","12,600","13,590","11,750","12,740",2024/05/22
"73,136,680","5,814",-680,-5.07,2,"3,708,041","47,240,442,340","12,740","13,940","12,400","12,510",2024/05/21
"486,180",37,430,3.31,1,"3,708,041","49,761,910,220","13,420","13,990","12,850","13,000",2024/05/20
"57,308,600","4,592",100,0.78,1,"3,708,041","48,167,452,590","12,990","13,500","12,030","12,530",2024/05/17
"9,899,280",785,20,0.16,1,"3,708,041","47,796,648,490","12,890","14,780","12,500","14,780",2024/05/16
"48,116,510","3,813",-540,-4.03,2,"3,708,041","47,722,487,670","12,870","13,920","12,500","13,020",2024/05/14
"21,009,190","1,635",-60,-0.45,2,"3,708,041","49,724,829,810","13,410","13,480","12,650","12,650",2024/05/13
"47,153,770","3,652",180,1.35,1,"3,708,041","49,947,312,270","13,470","14,000","12,740","13,090",2024/05/10
"17,460,120","1,324",100,0.76,1,"3,708,041","49,279,864,890","13,290","13,460","13,110","13,340",2024/05/09
"27,539,210","2,077",-510,-3.72,2,"3,708,041","48,909,060,790","13,190","14,130","13,110","13,350",2024/05/08
"5,504,740",407,-240,-1.72,2,"3,708,041","50,800,161,700","13,700","13,940","13,220","13,940",2024/05/07
"18,861,100","1,383",-560,-3.86,2,"3,708,041","51,690,091,540","13,940","14,990","13,490","14,990",2024/05/03
"13,003,240",947,650,4.69,1,"3,708,041","53,766,594,500","14,500","14,690","13,220","14,000",2024/05/02
"54,096,110","3,975",-410,-2.88,2,"3,708,041","51,356,367,850","13,850","14,980","13,500","14,980",2024/04/30
"10,461,480",756,60,0.42,1,"3,708,041","52,876,664,660","14,260","14,960","13,630","14,200",2024/04/29
"6,203,520",442,-190,-1.32,2,"3,708,041","52,654,182,200","14,200","14,500","13,900","14,020",2024/04/26
"7,046,920",502,90,0.63,1,"3,708,041","53,358,709,990","14,390","14,980","13,850","14,980",2024/04/25
"12,832,050",906,490,3.55,1,"3,708,041","53,024,986,300","14,300","14,390","13,550","14,390",2024/04/24
"76,883,620","5,607",-220,-1.57,2,"3,708,041","51,208,046,210","13,810","14,390","13,480","14,390",2024/04/23
"42,931,330","3,103",-450,-3.11,2,"3,708,041","52,023,815,230","14,030","14,820","13,620","14,820",2024/04/22
"11,360,190",794,-320,-2.16,2,"3,708,041","53,692,433,680","14,480","14,860","14,150","14,800",2024/04/19
"18,610,810","1,296",10,0.07,1,"3,708,041","54,879,006,800","14,800","15,170","14,130","15,170",2024/04/18
"21,577,940","1,467",-80,-0.54,2,"3,708,041","54,841,926,390","14,790","15,030","14,360","14,860",2024/04/17
"59,422,670","4,199",-580,-3.75,2,"3,708,041","55,138,569,670","14,870","15,420","13,610","15,420",2024/04/16
"725,550",47,120,0.78,1,"3,708,041","57,289,233,450","15,450","15,640","15,200","15,640",2024/04/15
"14,361,690",939,-400,-2.54,2,"3,708,041","56,844,268,530","15,330","15,960","15,200","15,730",2024/04/12
"17,663,300","1,150",-60,-0.38,2,"3,708,041","58,327,484,930","15,730","15,980","15,200","15,980",2024/04/11
"17,047,230","1,110",-80,-0.50,2,"3,708,041","58,549,967,390","15,790","15,980","15,170","15,980",2024/04/09
"15,051,380",958,110,0.70,1,"3,708,041","58,846,610,670","15,870","15,930","15,380","15,930",2024/04/08
"1,940,200",123,-20,-0.13,2,"3,708,041","58,438,726,160","15,760","15,790","15,700","15,790",2024/04/05
"28,757,520","1,843",70,0.45,1,"3,708,041","58,512,886,980","15,780","15,840","15,330","15,600",2024/04/04
"51,779,060","3,374",410,2.68,1,"3,708,041","58,253,324,110","15,710","15,820","15,130","15,460",2024/04/03
"35,059,880","2,318",-60,-0.39,2,"3,708,041","56,733,027,300","15,300","15,900","15,000","15,900",2024/04/02
"103,293,080","6,777",-420,-2.66,2,"3,708,041","56,955,509,760","15,360","15,970","14,700","15,970",2024/04/01
"56,855,650","3,639",50,0.32,1,"3,708,041","58,512,886,980","15,780","16,000","15,030","15,890",2024/03/29
"153,179,320","9,787",490,3.22,1,"3,708,041","58,327,484,930","15,730","16,170","15,180","15,480",2024/03/28
"11,136,460",744,260,1.74,1,"3,708,041","56,510,544,840","15,240","15,280","14,810","15,000",2024/03/27
"23,872,550","1,629",-220,-1.45,2,"3,708,041","55,546,454,180","14,980","15,400","14,420","15,400",2024/03/26
"35,833,230","2,451",-170,-1.11,2,"3,708,041","56,362,223,200","15,200","15,490","13,500","15,490",2024/03/25
"26,989,010","1,855",0,0.00,3,"3,708,041","56,992,590,170","15,370","15,450","14,170","15,450",2024/03/22
"19,662,360","1,308",290,1.92,1,"3,708,041","56,992,590,170","15,370","15,500","15,000","15,000",2024/03/21
"38,118,560","2,545",30,0.20,1,"3,708,041","55,917,258,280","15,080","15,260","14,130","15,260",2024/03/20
"9,259,650",615,-180,-1.18,2,"3,708,041","55,806,017,050","15,050","15,440","15,050","15,440",2024/03/19
"68,060,960","4,481",-20,-0.13,2,"3,708,041","56,473,464,430","15,230","15,240","15,000","15,230",2024/03/18
"54,089,220","3,578",-20,-0.13,2,"3,708,041","56,547,625,250","15,250","15,480","14,750","15,300",2024/03/15
"75,765,320","5,033",60,0.39,1,"3,708,041","56,621,786,070","15,270","15,940","14,800","15,940",2024/03/14
"97,768,960","6,385",110,0.73,1,"3,708,041","56,399,303,610","15,210","15,770","15,100","15,280",2024/03/13
"52,296,600","3,441",-290,-1.88,2,"3,708,041","55,991,419,100","15,100","15,960","15,010","15,960",2024/03/12
"51,381,540","3,378",-110,-0.71,2,"3,708,041","57,066,750,990","15,390","15,480","15,070","15,480",2024/03/11
"21,942,440","1,433",0,0.00,3,"3,708,041","57,474,635,500","15,500","15,750","15,100","15,750",2024/03/08
"21,485,640","1,414",170,1.11,1,"3,708,041","57,474,635,500","15,500","16,000","15,100","15,500",2024/03/07
"18,121,810","1,192",-300,-1.92,2,"3,708,041","56,844,268,530","15,330","15,500","15,000","15,480",2024/03/06
"19,400,470","1,267",60,0.39,1,"3,708,041","57,956,680,830","15,630","15,990","15,250","15,990",2024/03/05
"47,633,310","3,109",90,0.58,1,"3,708,041","57,734,198,370","15,570","15,980","15,220","15,980",2024/03/04
"11,784,330",765,-20,-0.13,2,"3,708,041","57,400,474,680","15,480","15,970","15,150","15,970",2024/02/29
"15,624,750","1,000",-370,-2.33,2,"3,708,041","57,474,635,500","15,500","16,100","15,500","16,100",2024/02/28
"17,902,540","1,133",-260,-1.61,2,"3,708,041","58,846,610,670","15,870","16,100","15,650","16,100",2024/02/27
"44,337,140","2,780",-130,-0.80,2,"3,708,041","59,810,701,330","16,130","16,250","15,790","16,000",2024/02/26
"4,762,400",297,170,1.06,1,"3,708,041","60,292,746,660","16,260","16,490","15,850","16,490",2024/02/23
"8,491,970",528,0,0.00,3,"3,691,341","59,393,676,690","16,090","16,090","16,080","16,080",2024/02/22
"12,145,850",764,-40,-0.25,2,"3,691,341","59,393,676,690","16,090","16,490","15,790","16,130",2024/02/21
"45,935,940","2,917",150,0.94,1,"3,691,341","59,541,330,330","16,130","16,300","15,480","15,980",2024/02/20
"23,986,820","1,513",-220,-1.36,2,"3,691,341","58,987,629,180","15,980","16,470","15,720","16,470",2024/02/19
"6,653,040",414,0,0.00,3,"3,691,341","59,799,724,200","16,200","16,250","15,760","16,250",2024/02/16
"11,486,550",715,0,0.00,3,"3,691,341","59,799,724,200","16,200","16,400","15,820","16,400",2024/02/15
"9,719,460",608,0,0.00,3,"3,691,341","59,799,724,200","16,200","16,370","15,750","16,370",2024/02/14
"13,935,890",878,70,0.43,1,"3,691,341","59,799,724,200","16,200","16,350","15,410","16,350",2024/02/13
"31,055,630","1,961",90,0.56,1,"3,691,341","59,541,330,330","16,130","16,430","15,640","16,270",2024/02/08
"5,539,930",351,-160,-0.99,2,"3,691,341","59,209,109,640","16,040","16,380","15,750","16,380",2024/02/07
"3,239,680",203,100,0.62,1,"3,691,341","59,799,724,200","16,200","16,260","15,830","16,260",2024/02/06
"21,992,840","1,384",10,0.06,1,"3,691,341","59,430,590,100","16,100","16,270","15,600","16,270",2024/02/05
"13,977,620",878,120,0.75,1,"3,691,341","59,393,676,690","16,090","16,260","15,600","16,260",2024/02/02
"12,323,780",782,-60,-0.37,2,"3,691,341","58,950,715,770","15,970","16,190","15,610","15,990",2024/02/01
"17,892,190","1,136",-20,-0.12,2,"3,691,341","59,172,196,230","16,030","16,160","15,600","16,160",2024/01/31
"208,580",13,-100,-0.62,2,"3,691,341","59,246,023,050","16,050","16,140","15,600","16,130",2024/01/30
"48,407,040","3,073",-30,-0.19,2,"3,691,341","59,615,157,150","16,150","16,260","15,550","16,260",2024/01/29
"9,425,530",596,200,1.25,1,"3,691,341","59,725,897,380","16,180","16,260","15,510","16,260",2024/01/26
"911,060",57,-10,-0.06,2,"3,691,341","58,987,629,180","15,980","16,090","15,900","16,000",2024/01/25
"39,012,010","2,442",70,0.44,1,"3,691,341","59,024,542,590","15,990","16,230","15,500","15,990",2024/01/24
"3,940,650",251,-40,-0.25,2,"3,691,341","58,766,148,720","15,920","15,980","15,530","15,980",2024/01/23
"43,245,110","2,786",-10,-0.06,2,"3,691,341","58,913,802,360","15,960","16,350","15,250","16,350",2024/01/22
"49,987,360","3,162",-80,-0.50,2,"3,691,341","58,950,715,770","15,970","16,370","15,530","16,370",2024/01/19
"9,241,510",579,0,0.00,3,"3,691,341","59,246,023,050","16,050","16,400","15,590","16,400",2024/01/18
"36,598,380","2,325",-150,-0.93,2,"3,691,341","59,246,023,050","16,050","16,360","15,200","16,360",2024/01/17
"16,806,040","1,038",10,0.06,1,"3,691,341","59,799,724,200","16,200","16,450","15,820","16,450",2024/01/16
"45,946,380","2,938",290,1.82,1,"3,691,341","59,762,810,790","16,190","16,290","15,500","15,900",2024/01/15
"51,979,520","3,335",-130,-0.81,2,"3,691,341","58,692,321,900","15,900","16,480","15,320","16,480",2024/01/12
"16,625,490","1,074",240,1.52,1,"3,691,341","59,172,196,230","16,030","16,230","15,030","16,000",2024/01/11
"35,210,430","2,281",10,0.06,1,"3,691,341","58,286,274,390","15,790","15,990","15,130","15,980",2024/01/10
"21,886,170","1,414",170,1.09,1,"3,691,341","58,249,360,980","15,780","16,000","15,100","16,000",2024/01/09
"81,200,740","5,160",-870,-5.28,2,"3,691,341","57,621,833,010","15,610","16,480","15,480","16,480",2024/01/08
"11,760,540",733,150,0.92,1,"3,691,341","60,833,299,680","16,480","16,820","15,880","16,500",2024/01/05
"45,643,570","2,821",-450,-2.68,2,"3,691,341","60,279,598,530","16,330","16,960","15,960","16,960",2024/01/04
"4,483,730",269,90,0.54,1,"3,691,341","61,940,701,980","16,780","17,000","16,500","17,000",2024/01/03
"132,927,510","7,991",-580,-3.36,2,"3,691,341","61,608,481,290","16,690","17,460","16,500","17,220",2024/01/02
"51,091,190","3,007",-500,-2.81,2,"3,691,341","63,749,459,070","17,270","17,770","16,880","17,500",2023/12/28
"19,841,920","1,161",150,0.85,1,"3,691,341","65,595,129,570","17,770","17,880","17,000","17,880",2023/12/27
"17,318,670",985,190,1.09,1,"3,691,341","65,041,428,420","17,620","17,790","17,220","17,790",2023/12/26
"5,183,190",298,-40,-0.23,2,"3,691,341","64,340,073,630","17,430","17,860","17,000","17,000",2023/12/22
"2,050,220",118,270,1.57,1,"3,691,341","64,487,727,270","17,470","17,500","17,000","17,500",2023/12/21
"43,432,520","2,545",-230,-1.32,2,"3,691,341","63,491,065,200","17,200","17,820","16,900","17,500",2023/12/20
"4,906,850",286,80,0.46,1,"3,691,341","64,340,073,630","17,430","17,490","17,000","17,020",2023/12/19
"50,198,690","2,924",-230,-1.31,2,"3,691,341","64,044,766,350","17,350","17,940","17,100","17,500",2023/12/18
"65,355,780","3,822",30,0.17,1,"3,691,341","64,893,774,780","17,580","17,930","16,900","17,930",2023/12/15
"11,801,620",682,-10,-0.06,2,"3,673,541","64,470,644,550","17,550","17,940","17,230","17,940",2023/12/14
"64,131,130","3,684",-350,-1.95,2,"3,673,541","64,507,379,960","17,560","17,990","17,060","17,990",2023/12/13
"96,458,880","5,513",-260,-1.43,2,"3,673,541","65,793,119,310","17,910","18,440","17,100","18,100",2023/12/12
"13,889,090",781,50,0.28,1,"3,673,541","66,748,239,970","18,170","18,480","17,510","18,480",2023/12/11
"81,732,360","4,524",-130,-0.71,2,"3,673,541","66,564,562,920","18,120","18,250","17,550","18,250",2023/12/08
"33,655,840","1,845",-390,-2.09,2,"3,673,541","67,042,123,250","18,250","18,840","18,100","18,570",2023/12/07
"64,306,770","3,497",-280,-1.48,2,"3,673,541","68,474,804,240","18,640","18,840","18,160","18,840",2023/12/06
"51,544,340","2,760",-330,-1.71,2,"3,673,541","69,503,395,720","18,920","19,500","18,470","19,000",2023/12/05
"32,299,460","1,727",-130,-0.67,2,"3,673,541","70,715,664,250","19,250","19,460","18,100","19,460",2023/12/04
"3,777,280",195,90,0.47,1,"3,673,541","71,193,224,580","19,380","19,450","18,660","19,430",2023/12/01
"55,220,200","2,940",280,1.47,1,"3,673,541","70,862,605,890","19,290","19,390","18,500","18,560",2023/11/30
"31,827,880","1,676",-60,-0.31,2,"3,673,541","69,834,014,410","19,010","19,270","18,730","19,270",2023/11/29
"4,462,470",237,-180,-0.94,2,"3,673,541","70,054,426,870","19,070","19,400","18,550","19,400",2023/11/28
"8,804,020",464,100,0.52,1,"3,673,541","70,715,664,250","19,250","19,430","18,520","19,410",2023/11/27
"82,424,890","4,383",470,2.52,1,"3,673,541","70,348,310,150","19,150","19,150","18,020","18,930",2023/11/24
"43,115,700","2,324",310,1.69,1,"3,673,541","68,621,745,880","18,680","18,680","18,250","18,490",2023/11/23
"6,958,920",386,30,0.16,1,"3,673,541","67,482,948,170","18,370","18,650","18,000","18,650",2023/11/22
"9,459,690",524,-90,-0.49,2,"3,673,541","67,372,741,940","18,340","18,500","17,620","17,620",2023/11/21
"22,442,790","1,222",150,0.82,1,"3,673,541","67,703,360,630","18,430","18,480","18,000","18,480",2023/11/20
"4,223,400",233,-10,-0.05,2,"3,673,541","67,152,329,480","18,280","18,280","18,000","18,280",2023/11/17
"5,914,230",328,140,0.77,1,"3,673,541","67,189,064,890","18,290","18,400","17,850","18,400",2023/11/16
"8,840,570",492,-80,-0.44,2,"3,673,541","66,674,769,150","18,150","18,410","17,810","18,230",2023/11/15
"91,956,040","5,136",0,0.00,3,"3,673,541","66,968,652,430","18,230","18,700","17,520","17,520",2023/11/14
"19,605,710","1,099",0,0.00,3,"3,673,541","66,968,652,430","18,230","18,500","17,550","18,500",2023/11/13
"2,134,860",118,-10,-0.05,2,"3,673,541","66,968,652,430","18,230","18,480","17,860","18,480",2023/11/10
"13,707,050",759,10,0.05,1,"3,673,541","67,005,387,840","18,240","18,440","17,830","18,440",2023/11/09
"5,166,630",286,80,0.44,1,"3,673,541","66,968,652,430","18,230","18,400","17,900","18,400",2023/11/08
"202,404,260","11,342",-120,-0.66,2,"3,673,541","66,674,769,150","18,150","18,270","17,820","18,270",2023/11/07
"40,253,350","2,211",-30,-0.16,2,"3,673,541","67,115,594,070","18,270","18,700","18,000","18,700",2023/11/06
"15,889,000",866,-100,-0.54,2,"3,673,541","67,225,800,300","18,300","18,850","18,020","18,400",2023/11/03
"10,814,030",594,0,0.00,3,"3,673,541","67,593,154,400","18,400","18,690","18,000","18,500",2023/11/02
"27,119,730","1,491",-10,-0.05,2,"3,673,541","67,593,154,400","18,400","18,720","17,700","17,700",2023/11/01
"49,637,190","2,730",530,2.96,1,"3,673,541","67,629,889,810","18,410","18,680","17,730","18,000",2023/10/31
"32,614,810","1,851",550,3.17,1,"3,673,541","65,682,913,080","17,880","18,000","17,000","17,920",2023/10/30
"7,889,610",460,-70,-0.40,2,"3,673,541","63,662,465,530","17,330","17,400","17,000","17,400",2023/10/27
"10,365,260",590,110,0.64,1,"3,673,541","63,919,613,400","17,400","17,930","17,400","17,500",2023/10/26
"21,441,390","1,274",790,4.79,1,"3,673,541","63,515,523,890","17,290","17,290","16,260","16,930",2023/10/25
"43,481,250","2,695",300,1.85,1,"3,673,541","60,613,426,500","16,500","16,850","15,980","16,200",2023/10/24
"59,928,300","3,659",-610,-3.63,2,"3,673,541","59,511,364,200","16,200","17,390","15,980","17,000",2023/10/23
"241,435,710","14,444",-370,-2.15,2,"3,673,541","61,752,224,210","16,810","18,470","16,400","18,000",2023/10/20
"64,359,900","3,737",-750,-4.18,2,"3,673,541","63,111,434,380","17,180","17,900","17,100","17,510",2023/10/19
"78,003,520","4,340",-850,-4.53,2,"3,673,541","65,866,590,130","17,930","19,940","17,720","19,000",2023/10/18
"126,547,040","6,894",-310,-1.62,2,"3,673,541","68,989,099,980","18,780","19,950","18,000","19,950",2023/10/17
"53,411,720","2,804",-650,-3.29,2,"3,673,541","70,127,897,690","19,090","20,300","18,770","20,000",2023/10/16
"59,569,150","3,037",-260,-1.30,2,"3,673,541","72,515,699,340","19,740","20,450","19,200","20,450",2023/10/13
"48,469,030","2,438",-450,-2.20,2,"3,673,541","73,470,820,000","20,000","20,900","19,700","20,450",2023/10/12
"45,108,500","2,222",450,2.25,1,"3,673,541","75,123,913,450","20,450","20,500","19,700","19,800",2023/10/11
"122,141,400","6,046","-1,850",-8.47,2,"3,673,541","73,470,820,000","20,000","22,150","19,970","22,000",2023/10/10
"62,785,500","3,096","2,350",12.05,1,"3,673,541","80,266,870,850","21,850","21,900","19,300","20,000",2023/10/06
"67,410,490","3,504",250,1.30,1,"3,673,541","71,634,049,500","19,500","19,990","18,730","19,990",2023/10/05
"149,268,200","7,634","-1,700",-8.11,2,"3,673,541","70,715,664,250","19,250","21,400","19,250","21,000",2023/10/04
"123,589,710","6,128",-300,-1.41,2,"3,673,541","76,960,683,950","20,950","20,950","19,700","20,500",2023/09/27
"156,428,350","7,554",50,0.24,1,"3,663,541","77,850,246,250","21,250","21,850","20,500","21,850",2023/09/26
"94,880,450","4,523","-1,700",-7.42,2,"3,663,541","77,667,069,200","21,200","23,000","20,150","23,000",2023/09/25
"215,993,300","10,178",-350,-1.51,2,"3,663,541","83,895,088,900","22,900","23,350","20,000","22,950",2023/09/22
"61,332,400","2,633",-600,-2.52,2,"3,663,541","85,177,328,250","23,250","23,800","23,000","23,600",2023/09/21
"23,276,950",980,-450,-1.85,2,"3,663,541","87,375,452,850","23,850","24,200","23,600","23,800",2023/09/20
"57,192,700","2,356",-400,-1.62,2,"3,663,541","89,024,046,300","24,300","24,850","24,000","24,850",2023/09/19
"148,338,150","6,127",-250,-1.00,2,"3,663,541","90,489,462,700","24,700","25,000","24,000","25,000",2023/09/18
"99,144,050","4,092",350,1.42,1,"3,663,541","91,405,347,950","24,950","25,000","23,900","24,600",2023/09/15
"111,235,500","4,595",100,0.41,1,"3,663,541","90,123,108,600","24,600","25,000","23,550","24,900",2023/09/14
"94,248,600","3,863","-1,100",-4.30,2,"3,663,541","89,756,754,500","24,500","25,700","24,050","24,650",2023/09/13
"74,729,050","2,953",-500,-1.92,2,"3,663,541","93,786,649,600","25,600","26,250","24,900","26,100",2023/09/12
"207,071,950","8,248",850,3.37,1,"3,663,541","95,618,420,100","26,100","26,100","24,000","24,950",2023/09/11
"28,443,950","1,128",100,0.40,1,"3,663,541","92,504,410,250","25,250","25,900","24,500","25,900",2023/09/08
"270,875,800","10,889",-150,-0.59,2,"3,663,541","92,138,056,150","25,150","25,850","24,050","25,850",2023/09/07
"97,972,500","3,852",-750,-2.88,2,"3,663,541","92,687,587,300","25,300","26,100","25,300","26,050",2023/09/06
"211,138,150","8,285",600,2.36,1,"3,663,541","95,435,243,050","26,050","26,050","25,400","25,500",2023/09/05
"82,503,100","3,274",-550,-2.12,2,"3,663,541","93,237,118,450","25,450","26,450","24,700","26,000",2023/09/04
"16,437,100",642,550,2.16,1,"3,663,541","95,252,066,000","26,000","26,000","25,400","25,450",2023/09/01
"94,606,900","3,786",200,0.79,1,"3,663,541","93,237,118,450","25,450","25,750","24,400","25,750",2023/08/31
"228,741,500","8,769","-1,600",-5.96,2,"3,663,541","92,504,410,250","25,250","27,250","25,250","27,000",2023/08/30
"169,896,900","6,357",-950,-3.42,2,"3,663,541","98,366,075,850","26,850","27,950","26,000","27,950",2023/08/29
"84,124,850","3,039",-900,-3.14,2,"3,663,541","101,846,439,800","27,800","29,150","27,100","29,150",2023/08/28
"103,851,550","3,689","-1,000",-3.37,2,"3,663,541","105,143,626,700","28,700","29,850","27,700","29,700",2023/08/25
"75,558,050","2,598",-50,-0.17,2,"3,663,541","108,807,167,700","29,700","30,000","28,500","30,000",2023/08/24
"208,523,750","6,913",250,0.85,1,"3,663,541","108,990,344,750","29,750","30,900","29,000","29,900",2023/08/23
"501,135,200","17,408","3,200",12.17,1,"3,663,541","108,074,459,500","29,500","30,150","26,500","26,500",2023/08/22
"514,850,350","19,896","1,050",4.16,1,"3,663,541","96,351,128,300","26,300","26,500","25,000","25,400",2023/08/21
"157,571,500","6,318",850,3.48,1,"3,663,541","92,504,410,250","25,250","25,700","23,600","24,500",2023/08/18
"121,230,100","5,132",-100,-0.41,2,"3,663,541","89,390,400,400","24,400","24,950","23,450","24,950",2023/08/17
"226,892,150","9,645","2,100",9.38,1,"3,663,541","89,756,754,500","24,500","24,500","22,500","22,550",2023/08/16
"104,717,250","4,734",300,1.36,1,"3,663,541","82,063,318,400","22,400","22,650","22,000","22,100",2023/08/14
"48,107,350","2,178",50,0.23,1,"3,663,541","80,964,256,100","22,100","22,900","22,050","22,900",2023/08/11
"206,754,050","9,368",50,0.23,1,"3,663,541","80,781,079,050","22,050","22,950","21,900","22,950",2023/08/10
"49,508,150","2,252",300,1.38,1,"3,663,541","80,597,902,000","22,000","22,200","21,550","22,000",2023/08/09
"130,386,050","5,988",-300,-1.36,2,"3,663,541","79,498,839,700","21,700","22,700","21,500","22,700",2023/08/08
"104,917,400","4,795",0,0.00,3,"3,663,541","80,597,902,000","22,000","22,950","21,500","22,950",2023/08/07
"184,798,050","8,400",150,0.69,1,"3,663,541","80,597,902,000","22,000","22,900","21,750","21,950",2023/08/04
"89,797,100","4,168","-1,000",-4.38,2,"3,663,541","80,048,370,850","21,850","22,900","21,000","22,900",2023/08/03
"128,747,300","5,652",850,3.86,1,"3,663,541","83,711,911,850","22,850","23,250","22,000","22,700",2023/08/02
"56,332,400","2,582",-300,-1.35,2,"3,663,541","80,597,902,000","22,000","22,600","21,550","21,700",2023/08/01
"224,057,350","10,130",700,3.24,1,"3,663,541","81,696,964,300","22,300","22,700","21,600","21,750",2023/07/31
"23,801,100","1,112",150,0.70,1,"3,663,541","79,132,485,600","21,600","21,750","21,050","21,100",2023/07/28
"25,782,650","1,233","1,000",4.89,1,"3,663,541","78,582,954,450","21,450","21,800","20,450","20,450",2023/07/27
"52,028,560","2,571",-750,-3.54,2,"3,663,541","74,919,413,450","20,450","21,600","19,500","21,600",2023/07/26
"25,519,350","1,207",200,0.95,1,"3,663,541","77,667,069,200","21,200","21,500","20,650","20,950",2023/07/25
"131,399,800","6,294",-700,-3.23,2,"3,663,541","76,934,361,000","21,000","21,800","20,000","21,300",2023/07/24
"16,877,500",753,-300,-1.36,2,"3,663,541","79,498,839,700","21,700","23,100","21,600","22,500",2023/07/21
"137,877,600","6,027",-800,-3.51,2,"3,663,541","80,597,902,000","22,000","25,000","21,400","23,100",2023/07/20
"273,860,650","12,000","1,800",8.57,1,"3,663,541","83,528,734,800","22,800","24,150","21,050","21,400",2023/07/19
"237,223,400","11,170",-150,-0.71,2,"3,663,541","76,934,361,000","21,000","21,850","20,000","20,000",2023/07/18
"37,316,100","1,771",-50,-0.24,2,"3,663,541","77,483,892,150","21,150","21,450","20,650","21,450",2023/07/17
"80,703,450","3,805",-100,-0.47,2,"3,663,541","77,667,069,200","21,200","21,500","21,050","21,500",2023/07/14
"257,714,700","12,267",800,3.90,1,"3,663,541","78,033,423,300","21,300","21,350","20,250","20,650",2023/07/13
"194,110,770","9,645",720,3.64,1,"3,663,541","75,102,590,500","20,500","20,500","19,880","19,880",2023/07/12
"105,603,570","5,338",-20,-0.10,2,"3,663,541","72,464,840,980","19,780","20,100","19,340","19,990",2023/07/11
"38,619,600","1,982",20,0.10,1,"3,663,541","72,538,111,800","19,800","20,000","18,430","19,950",2023/07/10
"114,479,910","5,741",330,1.70,1,"3,663,541","72,464,840,980","19,780","20,700","19,150","19,480",2023/07/07
"208,295,230","10,846",70,0.36,1,"3,663,541","71,255,872,450","19,450","19,700","19,000","19,440",2023/07/06
"186,432,570","9,862",750,4.03,1,"3,663,541","70,999,424,580","19,380","19,380","18,300","18,750",2023/07/05
"70,904,700","3,867",630,3.50,1,"3,663,541","68,251,768,830","18,630","18,640","17,600","18,180",2023/07/04
"122,931,570","7,086","1,400",8.43,1,"3,663,541","65,943,738,000","18,000","18,000","16,500","16,900",2023/07/03
"756,890",46,100,0.61,1,"3,663,541","60,814,780,600","16,600","16,670","16,210","16,500",2023/06/30
"18,938,690","1,160",250,1.54,1,"3,663,541","60,448,426,500","16,500","16,500","16,000","16,390",2023/06/29
"12,055,550",745,-40,-0.25,2,"3,663,541","59,532,541,250","16,250","16,400","16,070","16,400",2023/06/28
"13,505,360",837,10,0.06,1,"3,663,541","59,679,082,890","16,290","16,480","16,060","16,480",2023/06/27
"22,156,940","1,375",-20,-0.12,2,"3,663,541","59,642,447,480","16,280","16,650","16,000","16,400",2023/06/26
"13,541,570",844,60,0.37,1,"3,663,541","59,715,718,300","16,300","16,630","16,000","16,500",2023/06/23
"14,863,610",920,40,0.25,1,"3,659,741","59,434,193,840","16,240","16,380","16,000","16,380",2023/06/22
"26,800,270","1,664",-40,-0.25,2,"3,659,741","59,287,804,200","16,200","16,490","16,000","16,490",2023/06/21
"15,264,230",946,-90,-0.55,2,"3,659,741","59,434,193,840","16,240","16,450","16,000","16,450",2023/06/20
"18,437,140","1,136",-80,-0.49,2,"3,659,741","59,763,570,530","16,330","16,680","16,000","16,680",2023/06/19
"6,704,700",412,20,0.12,1,"3,659,741","60,056,349,810","16,410","16,640","16,100","16,640",2023/06/16
"11,661,800",717,100,0.61,1,"3,659,741","59,983,154,990","16,390","16,580","16,200","16,580",2023/06/15
"17,117,180","1,055",10,0.06,1,"3,659,741","59,617,180,890","16,290","16,640","16,200","16,640",2023/06/14
"9,614,300",592,30,0.18,1,"3,659,741","59,580,583,480","16,280","16,600","16,200","16,600",2023/06/13
"43,077,940","2,637",-510,-3.04,2,"3,659,741","59,470,791,250","16,250","16,690","16,150","16,690",2023/06/12
"20,079,940","1,226",130,0.78,1,"3,659,741","61,337,259,160","16,760","16,990","16,300","16,990",2023/06/09
"19,921,600","1,209",-10,-0.06,2,"3,659,741","60,861,492,830","16,630","16,980","16,390","16,980",2023/06/08
"50,861,210","3,081",-830,-4.75,2,"3,659,741","60,898,090,240","16,640","17,450","16,230","17,000",2023/06/07
"11,319,110",648,10,0.06,1,"3,659,741","63,935,675,270","17,470","17,480","17,430","17,430",2023/06/05
"608,060",35,-20,-0.11,2,"3,659,741","63,899,077,860","17,460","17,540","16,630","17,500",2023/06/02
"19,960,170","1,157",250,1.45,1,"3,659,741","63,972,272,680","17,480","17,500","16,860","17,270",2023/06/01
"2,372,540",142,70,0.41,1,"3,659,741","63,057,337,430","17,230","17,280","16,630","17,280",2023/05/31
"2,297,960",135,20,0.12,1,"3,659,741","62,801,155,560","17,160","17,290","16,990","17,290",2023/05/30
"10,211,630",604,150,0.88,1,"3,659,741","62,727,960,740","17,140","17,310","16,700","17,280",2023/05/26
"1,348,750",79,100,0.59,1,"3,659,741","62,178,999,590","16,990","17,330","16,620","17,330",2023/05/25
"967,200",58,-110,-0.65,2,"3,659,741","61,813,025,490","16,890","17,350","16,500","17,350",2023/05/24
"37,178,450","2,277",-340,-1.96,2,"3,659,741","62,215,597,000","17,000","17,330","16,150","17,330",2023/05/23
"34,680",2,570,3.40,1,"3,659,741","63,459,908,940","17,340","17,340","17,340","17,340",2023/05/22
"22,264,710","1,346",-440,-2.56,2,"3,659,741","61,373,856,570","16,770","17,070","16,490","17,070",2023/05/19
"2,070,990",123,330,1.95,1,"3,659,741","62,984,142,610","17,210","17,330","16,600","17,330",2023/05/18
"24,305,780","1,462",-380,-2.20,2,"3,659,741","61,776,428,080","16,880","17,480","16,500","17,480",2023/05/17
"1,773,120",106,-80,-0.46,2,"3,659,741","63,167,129,660","17,260","17,330","16,650","16,650",2023/05/16
"190,560",11,20,0.12,1,"3,659,741","63,459,908,940","17,340","17,470","16,700","17,470",2023/05/15
"10,866,370",653,170,0.99,1,"3,659,741","63,386,714,120","17,320","17,520","16,500","17,500",2023/05/12
"16,200,570",954,0,0.00,3,"3,659,741","62,764,558,150","17,150","17,290","16,700","17,200",2023/05/11
"61,417,170","3,607",-790,-4.40,2,"3,659,741","62,764,558,150","17,150","18,000","16,500","18,000",2023/05/10
"32,303,670","1,883",-170,-0.94,2,"3,659,741","65,655,753,540","17,940","18,240","17,000","17,600",2023/05/09
"5,658,620",316,-70,-0.39,2,"3,659,741","66,277,909,510","18,110","18,240","17,500","18,240",2023/05/08
"3,036,770",167,110,0.61,1,"3,659,741","66,534,091,380","18,180","18,230","18,160","18,230",2023/05/04
"2,182,780",121,0,0.00,3,"3,659,741","66,131,519,870","18,070","18,170","18,000","18,170",2023/05/03
"3,305,050",185,-70,-0.39,2,"3,659,741","66,131,519,870","18,070","18,260","17,600","18,260",2023/05/02
"11,590,290",647,-50,-0.27,2,"3,659,741","66,387,701,740","18,140","18,400","17,850","18,400",2023/04/28
"5,683,500",318,20,0.11,1,"3,659,741","66,570,688,790","18,190","18,450","17,810","18,450",2023/04/27
"14,256,010",797,-120,-0.66,2,"3,659,741","66,497,493,970","18,170","18,480","17,750","18,480",2023/04/26
"2,772,430",153,-60,-0.33,2,"3,659,741","66,936,662,890","18,290","18,390","17,900","18,390",2023/04/25
"21,395,570","1,164",160,0.88,1,"3,659,741","67,156,247,350","18,350","18,400","18,330","18,390",2023/04/24
"7,874,050",437,-30,-0.16,2,"3,659,741","66,570,688,790","18,190","18,430","17,930","18,430",2023/04/21
"33,052,710","1,845",-80,-0.44,2,"3,659,741","66,680,481,020","18,220","18,500","17,750","18,500",2023/04/20
"25,012,830","1,374",200,1.10,1,"3,659,741","66,973,260,300","18,300","18,320","18,000","18,260",2023/04/19
"39,873,370","2,220",-70,-0.39,2,"3,659,741","66,241,312,100","18,100","18,390","17,900","18,390",2023/04/18
"40,776,010","2,270",-40,-0.22,2,"3,659,741","66,497,493,970","18,170","18,420","17,850","18,420",2023/04/17
"69,763,610","3,830",-80,-0.44,2,"3,659,741","66,643,883,610","18,210","18,500","17,970","18,500",2023/04/14
"152,062,280","8,300",30,0.16,1,"3,659,741","66,936,662,890","18,290","18,490","18,080","18,490",2023/04/13
"57,150,710","3,171",-170,-0.92,2,"3,659,741","66,826,870,660","18,260","18,540","17,990","18,540",2023/04/12
"25,841,500","1,419",-130,-0.70,2,"3,659,741","67,449,026,630","18,430","18,650","18,000","18,650",2023/04/11
"2,415,200",130,40,0.22,1,"3,659,741","67,924,792,960","18,560","18,600","18,560","18,600",2023/04/10
"9,774,420",527,70,0.38,1,"3,659,741","67,778,403,320","18,520","18,600","18,500","18,500",2023/04/07
"84,809,220","4,645",150,0.82,1,"3,659,741","67,522,221,450","18,450","18,470","17,970","18,400",2023/04/06
"5,148,960",284,-40,-0.22,2,"3,659,741","66,973,260,300","18,300","18,390","18,020","18,390",2023/04/05
"45,089,490","2,508",-90,-0.49,2,"3,659,741","67,119,649,940","18,340","18,420","17,900","18,420",2023/04/04
"20,725,910","1,140",-230,-1.23,2,"3,659,741","67,449,026,630","18,430","18,690","18,100","18,690",2023/04/03
"35,570,630","1,908",70,0.38,1,"3,659,741","68,290,767,060","18,660","18,700","18,400","18,690",2023/03/31
"15,701,300",846,50,0.27,1,"3,659,741","68,034,585,190","18,590","18,650","18,200","18,650",2023/03/30
"28,170,450","1,527",160,0.87,1,"3,659,741","67,851,598,140","18,540","18,550","18,150","18,490",2023/03/29
"56,944,950","3,159",90,0.49,1,"3,659,741","67,266,039,580","18,380","18,550","17,130","18,500",2023/03/28
"44,095,610","2,411",-80,-0.44,2,"3,659,741","66,936,662,890","18,290","18,480","18,000","18,480",2023/03/27
"78,959,090","4,341",370,2.06,1,"3,659,741","67,229,442,170","18,370","18,500","17,560","18,200",2023/03/24
"46,831,680","2,592",-50,-0.28,2,"3,659,741","65,875,338,000","18,000","18,240","17,500","18,230",2023/03/23
"62,176,140","3,446",-160,-0.88,2,"3,659,741","66,058,325,050","18,050","18,250","17,550","18,250",2023/03/22
"15,483,050",851,50,0.28,1,"3,659,741","66,643,883,610","18,210","18,250","17,830","18,250",2023/03/21
"7,143,610",393,60,0.33,1,"3,659,741","66,460,896,560","18,160","18,270","18,100","18,100",2023/03/20
"65,133,240","3,617",400,2.26,1,"3,659,741","66,241,312,100","18,100","18,140","17,120","18,000",2023/03/17
"35,267,280","2,041",-390,-2.16,2,"3,653,441","64,665,905,700","17,700","18,350","17,000","18,350",2023/03/16
"57,221,220","3,143",200,1.12,1,"3,653,441","66,090,747,690","18,090","18,550","17,800","17,800",2023/03/15
"26,908,380","1,523",-410,-2.24,2,"3,653,441","65,360,059,490","17,890","18,300","17,200","18,300",2023/03/14
"75,282,720","4,129",260,1.44,1,"3,653,441","66,857,970,300","18,300","18,400","17,500","17,500",2023/03/13
"127,665,600","7,097","1,290",7.70,1,"3,653,441","65,908,075,640","18,040","18,440","16,750","16,750",2023/03/10
"6,347,920",381,500,3.08,1,"3,653,441","61,195,136,750","16,750","16,750","16,260","16,620",2023/03/09
"30,937,440","1,926",-200,-1.22,2,"3,653,441","59,368,416,250","16,250","16,390","15,900","16,380",2023/03/08
"67,342,720","4,093",-650,-3.80,2,"3,653,441","60,099,104,450","16,450","16,980","16,050","16,680",2023/03/07
"30,232,520","1,746","-1,000",-5.52,2,"3,653,441","62,473,841,100","17,100","18,000","17,000","17,990",2023/03/06
"22,676,270","1,265",70,0.39,1,"3,653,441","66,127,282,100","18,100","18,260","17,700","18,030",2023/03/03
"41,113,750","2,279",-310,-1.69,2,"3,653,441","65,871,541,230","18,030","18,520","17,670","18,340",2023/03/02
"76,897,230","4,172",-600,-3.17,2,"3,653,441","67,004,107,940","18,340","18,780","18,010","18,780",2023/02/28
"109,504,240","5,839",-80,-0.42,2,"3,653,441","69,196,172,540","18,940","19,300","18,210","19,020",2023/02/27
"98,113,840","5,051",-180,-0.94,2,"3,653,441","69,488,447,820","19,020","20,000","18,580","19,200",2023/02/24
"55,375,770","2,954","1,380",7.74,1,"3,653,441","70,146,067,200","19,200","19,600","17,800","17,800",2023/02/23
"70,775,950","4,048","1,160",6.96,1,"3,653,441","65,104,318,620","17,820","17,850","16,700","16,790",2023/02/22
"39,647,490","2,422",860,5.44,1,"3,653,441","60,866,327,060","16,660","16,800","15,610","15,610",2023/02/21
"27,924,720","1,767",400,2.60,1,"3,653,441","57,724,367,800","15,800","15,900","15,000","15,900",2023/02/20
"35,165,650","2,307",190,1.25,1,"3,653,441","56,262,991,400","15,400","15,450","15,010","15,200",2023/02/17
"19,991,030","1,331",490,3.33,1,"3,653,441","55,568,837,610","15,210","15,440","14,800","14,900",2023/02/16
"7,654,920",521,290,2.01,1,"3,653,441","53,778,651,520","14,720","14,720","14,260","14,500",2023/02/15
"47,749,590","3,341",230,1.62,1,"3,653,441","52,719,153,630","14,430","14,430","14,000","14,280",2023/02/14
"9,863,610",698,120,0.85,1,"3,653,441","51,878,862,200","14,200","14,310","13,770","14,310",2023/02/13
"1,978,670",143,100,0.72,1,"3,653,441","51,440,449,280","14,080","14,300","13,800","14,300",2023/02/10
"19,943,570","1,423",-170,-1.20,2,"3,653,441","51,075,105,180","13,980","14,250","13,730","14,250",2023/02/09
"19,253,290","1,383",-240,-1.67,2,"3,653,441","51,696,190,150","14,150","14,490","13,500","14,490",2023/02/08
"8,337,850",581,0,0.00,3,"3,653,441","52,573,015,990","14,390","14,420","14,100","14,300",2023/02/07
"6,971,810",487,110,0.77,1,"3,653,441","52,573,015,990","14,390","14,390","13,530","14,380",2023/02/06
"3,400,970",240,0,0.00,3,"3,653,441","52,171,137,480","14,280","14,350","13,990","14,350",2023/02/03
"1,631,280",115,80,0.56,1,"3,653,441","52,171,137,480","14,280","14,300","14,000","14,200",2023/02/02
"7,828,620",565,10,0.07,1,"3,653,441","51,878,862,200","14,200","14,250","13,420","13,900",2023/02/01
"29,384,900","2,135",640,4.72,1,"3,653,441","51,842,327,790","14,190","14,190","13,000","13,500",2023/01/31
"50,788,440","3,794",150,1.12,1,"3,653,441","49,504,125,550","13,550","13,550","13,300","13,390",2023/01/30
"3,584,910",271,170,1.28,1,"3,653,441","48,956,109,400","13,400","13,490","13,020","13,300",2023/01/27
"18,677,340","1,413",90,0.68,1,"3,653,441","48,335,024,430","13,230","13,380","12,870","13,380",2023/01/26
"21,385,140","1,644",-10,-0.08,2,"3,653,441","48,006,214,740","13,140","13,320","12,950","13,140",2023/01/25
"12,917,700",985,150,1.15,1,"3,653,441","48,042,749,150","13,150","13,500","12,850","13,500",2023/01/20
"81,896,300","6,403",-150,-1.14,2,"3,653,441","47,494,733,000","13,000","13,400","12,500","13,150",2023/01/19
"20,339,200","1,565",-200,-1.50,2,"3,653,441","48,042,749,150","13,150","13,700","12,850","13,500",2023/01/18
"23,827,050","1,823",400,3.09,1,"3,653,441","48,773,437,350","13,350","13,400","12,750","13,050",2023/01/17
"121,271,700","9,241",-900,-6.50,2,"3,653,441","47,312,060,950","12,950","14,700","12,950","13,950",2023/01/16
"78,661,300","5,921",-100,-0.72,2,"3,653,441","50,600,157,850","13,850","14,150","12,900","14,150",2023/01/13
"490,800",35,50,0.36,1,"3,653,441","50,965,501,950","13,950","14,200","13,950","14,200",2023/01/12
"61,454,050","4,600",-300,-2.11,2,"3,653,441","50,782,829,900","13,900","14,350","13,000","14,200",2023/01/11
"90,296,700","6,405",-650,-4.38,2,"3,653,441","51,878,862,200","14,200","15,000","14,000","15,000",2023/01/10
"40,178,400","2,727",-200,-1.33,2,"3,653,441","54,253,598,850","14,850","15,200","14,500","15,200",2023/01/09
"2,523,050",168,0,0.00,3,"3,653,441","54,984,287,050","15,050","15,200","15,000","15,000",2023/01/06
"8,138,300",538,50,0.33,1,"3,653,441","54,984,287,050","15,050","15,300","15,000","15,000",2023/01/05
"15,495,550","1,049",-250,-1.64,2,"3,653,441","54,801,615,000","15,000","15,250","14,550","15,250",2023/01/04
"28,103,000","1,873",-550,-3.48,2,"3,653,441","55,714,975,250","15,250","15,800","14,800","15,750",2023/01/03
"521,800",33,100,0.64,1,"3,653,441","57,724,367,800","15,800","16,000","15,750","16,000",2023/01/02
